nonequalpath id:0
Li1  ->  Li1  energy barrier  0.482
 0	0.5243  0.9779  0.486	0.0  -1.6560055028867393
 1	0.5265  0.9951  0.5064	0.14642815432907966  -1.6200817070389217
 2	0.5377  0.9829  0.5021	0.2881687000653448  -1.5724013230042095
 3	0.5414  0.9643  0.4849	0.4340492643252807  -1.5929494840696874
 4	0.551  0.9487  0.4783	0.5765698639531313  -1.514280290013972
 5	0.5577  0.9276  0.4783	0.7218337655753496  -1.4864698831550538
 6	0.5617  0.9044  0.4783	0.8672692517058761  -1.414916713900909
 7	0.5732  0.8928  0.4782	1.0083275729132566  -1.3292769187215832
 8	0.5769  0.8696  0.4751	1.1536733753516668  -1.261744455744237
 9	0.5769  0.8566  0.4499	1.3010987392614959  -1.2707244648079286
 10	0.5769  0.8356  0.4348	1.4475959708297719  -1.3195552663481895
 11	0.5853  0.8168  0.4348	1.5915757268811506  -1.293348925805753
 12	0.5922  0.796  0.4348	1.73635155293321  -1.2865356304959317
 13	0.5961  0.7728  0.4348	1.8814773239461913  -1.2983017105352463
 14	0.5961  0.7527  0.418	2.028006614836106  -1.2764188208797085
 15	0.5924  0.75  0.3897	2.174900123113778  -1.2341410481947581
 16	0.596  0.75  0.4173	2.317264058813401  -1.2777338624004257
 17	0.5914  0.7332  0.4348	2.4590406382215138  -1.3101832495110624
 18	0.5837  0.7143  0.4348	2.5989754690293925  -1.3246353069468986
 19	0.577  0.6946  0.439	2.7385659260221185  -1.3136566581268614
 20	0.5769  0.6786  0.4603	2.881345807903825  -1.2063260752025955
 21	0.5769  0.6601  0.4782	3.0234532873377202  -1.1788810333784063
 22	0.5682  0.6428  0.4782	3.162629251617226  -1.2572027795237775
 23	0.5577  0.6293  0.4783	3.3008463753152295  -1.3327217207088016
 24	0.5532  0.6071  0.4782	3.4422871271841915  -1.4320368332418254
 25	0.547  0.5865  0.4783	3.5823526823424903  -1.4994285720091771
 26	0.5385  0.5715  0.4897	3.7220527498893405  -1.5494811722727038
 27	0.5363  0.5534  0.5075	3.863940270020574  -1.5480238729236722
 28	0.5304  0.5358  0.5216	4.005338452687002  -1.6109818679947077
 29	0.5192  0.534  0.5081	4.142820644713406  -1.6609964275552134
 30	0.5243  0.5221  0.486	4.284582484193636  -1.6560055028867393
 